On 24 middle

Protocol  : HAIER_AC_YRW02

Code      : 0xA6820000402000200000000000A8 (112 Bits)

Mesg Desc.: Model: 1 (V9014557-A), Power: On, Button: 0 (Temp Up), Mode: 1 (Cool), Temp: 24C, Fan: 1 (High), Turbo: Off, Quiet: Off, Swing(V): 2 (Middle), Swing(H): 0 (Middle), Sleep: Off, Health: Off, Timer Mode: 0 (N/A), On Timer: Off, Off Timer: Off, Lock: Off

uint16_t rawData[229] = {3074, 3022,  3078, 4420,  608, 1584,  606, 502,  608, 1584,  606, 502,  604, 482,  604, 1606,  604, 1586,  608, 480,  604, 1608,  602, 484,  610, 494,  606, 502,  602, 484,  608, 496,  604, 1588,  602, 504,  602, 486,  608, 494,  604, 504,  602, 486,  606, 496,  604, 502,  598, 486,  600, 504,  574, 512,  608, 496,  602, 506,  574, 512,  604, 498,  602, 506,  572, 512,  576, 532,  574, 512,  604, 1606,  572, 516,  604, 500,  574, 532,  570, 518,  602, 502,  568, 518,  602, 502,  572, 536,  568, 1622,  574, 536,  564, 520,  568, 534,  574, 516,  600, 502,  572, 536,  566, 522,  564, 538,  570, 536,  564, 522,  564, 538,  570, 516,  562, 540,  570, 538,  562, 524,  564, 1648,  564, 524,  564, 540,  568, 542,  560, 520,  566, 542,  560, 524,  562, 542,  566, 542,  584, 502,  560, 542,  566, 540,  582, 500,  564, 542,  584, 502,  558, 544,  566, 542,  584, 502,  586, 518,  588, 520,  582, 500,  588, 520,  582, 502,  586, 520,  590, 518,  584, 502,  584, 520,  590, 520,  582, 500,  588, 520,  582, 502,  584, 520,  590, 520,  580, 506,  584, 520,  588, 520,  578, 504,  588, 520,  580, 506,  586, 520,  586, 520,  578, 508,  584, 520,  588, 522,  576, 504,  590, 518,  576, 1616,  586, 522,  574, 1616,  586, 504,  590, 1618,  588, 502,  566, 536,  588, 520,  586};  // HAIER_AC_YRW02

uint8_t state[14] = {0xA6, 0x82, 0x00, 0x00, 0x40, 0x20, 0x00, 0x20, 0x00, 0x00, 0x00, 0x00, 0x00, 0xA8};

*********************************************************************************
Off 

Protocol  : HAIER_AC_YRW02

Code      : 0xA68000000020002000000000056B (112 Bits)

Mesg Desc.: Model: 1 (V9014557-A), Power: Off, Button: 5 (Power), Mode: 1 (Cool), Temp: 24C, Fan: 1 (High), Turbo: Off, Quiet: Off, Swing(V): 0 (Off), Swing(H): 0 (Middle), Sleep: Off, Health: Off, Timer Mode: 0 (N/A), On Timer: Off, Off Timer: Off, Lock: Off

uint16_t rawData[229] = {X};  // HAIER_AC_YRW02

uint8_t state[14] = {0xA6, 0x80, 0x00, 0x00, 0x00, 0x20, 0x00, 0x20, 0x00, 0x00, 0x00, 0x00, 0x05, 0x6B};

********************************************************************************* 
On 24 high swing

Protocol  : HAIER_AC_YRW02

Code      : 0xA6810000402000200000000002A9 (112 Bits)

Mesg Desc.: Model: 1 (V9014557-A), Power: On, Button: 2 (Swing(V)), Mode: 1 (Cool), Temp: 24C, Fan: 1 (High), Turbo: Off, Quiet: Off, Swing(V): 1 (Highest), Swing(H): 0 (Middle), Sleep: Off, Health: Off, Timer Mode: 0 (N/A), On Timer: Off, Off Timer: Off, Lock: Off

uint16_t rawData[229] = {3112, 2984,  3114, 4380,  614, 1600,  586, 500,  610, 1582,  606, 498,  612, 492,  616, 1580,  612, 1578,  612, 494,  614, 1578,  612, 494,  614, 474,  588, 516,  610, 494,  612, 476,  586, 516,  614, 1580,  606, 480,  608, 494,  612, 496,  606, 482,  606, 496,  612, 496,  606, 476,  612, 494,  606, 480,  606, 496,  612, 498,  604, 482,  606, 496,  612, 496,  604, 480,  612, 496,  602, 484,  606, 1604,  604, 484,  604, 500,  610, 500,  598, 486,  606, 500,  600, 486,  604, 500,  610, 498,  600, 1590,  610, 498,  584, 500,  606, 500,  608, 478,  604, 500,  608, 496,  584, 504,  602, 500,  608, 498,  548, 538,  604, 500,  608, 478,  604, 502,  608, 498,  550, 536,  604, 1608,  550, 538,  604, 502,  606, 500,  550, 532,  606, 504,  546, 540,  602, 500,  608, 500,  550, 536,  602, 502,  606, 484,  566, 532,  606, 502,  548, 540,  576, 528,  582, 508,  566, 538,  576, 530,  578, 510,  606, 496,  578, 510,  566, 536,  574, 532,  576, 512,  608, 496,  576, 530,  576, 512,  602, 498,  576, 514,  602, 500,  572, 534,  572, 516,  602, 500,  570, 534,  570, 518,  604, 498,  570, 518,  604, 500,  564, 540,  566, 522,  600, 504,  566, 540,  566, 522,  600, 1590,  602, 504,  564, 1628,  602, 504,  562, 1632,  574, 528,  566, 1630,  570, 534,  566, 518,  572, 1640,  564};  // HAIER_AC_YRW02

uint8_t state[14] = {0xA6, 0x81, 0x00, 0x00, 0x40, 0x20, 0x00, 0x20, 0x00, 0x00, 0x00, 0x00, 0x02, 0xA9};

********************************************************************************* 
On 24 low swing

Protocol  : HAIER_AC_YRW02

Code      : 0xA6830000402000200000000002AB (112 Bits)

Mesg Desc.: Model: 1 (V9014557-A), Power: On, Button: 2 (Swing(V)), Mode: 1 (Cool), Temp: 24C, Fan: 1 (High), Turbo: Off, Quiet: Off, Swing(V): 3 (Lowest), Swing(H): 0 (Middle), Sleep: Off, Health: Off, Timer Mode: 0 (N/A), On Timer: Off, Off Timer: Off, Lock: Off

uint16_t rawData[229] = {3074, 3024,  3074, 4424,  586, 1604,  610, 500,  586, 1606,  608, 500,  584, 498,  606, 1608,  586, 1604,  586, 500,  604, 1608,  586, 500,  606, 498,  610, 500,  584, 500,  606, 502,  606, 1584,  608, 1582,  604, 484,  610, 494,  606, 502,  604, 482,  608, 498,  604, 502,  600, 482,  604, 504,  600, 484,  608, 498,  604, 504,  598, 486,  608, 498,  602, 504,  574, 508,  602, 506,  572, 514,  606, 1606,  572, 514,  604, 500,  578, 532,  570, 514,  572, 532,  570, 516,  604, 502,  574, 532,  572, 1620,  576, 532,  568, 518,  572, 532,  576, 512,  568, 536,  574, 536,  566, 518,  568, 536,  572, 536,  560, 524,  568, 538,  572, 512,  566, 538,  572, 538,  562, 522,  566, 1648,  560, 524,  566, 538,  572, 538,  546, 536,  568, 538,  562, 524,  564, 540,  570, 538,  548, 540,  562, 542,  566, 540,  582, 500,  568, 538,  584, 502,  564, 540,  568, 542,  582, 502,  562, 542,  566, 542,  582, 498,  566, 544,  582, 502,  564, 542,  566, 544,  582, 502,  586, 518,  590, 520,  580, 500,  590, 518,  582, 504,  584, 520,  588, 520,  580, 504,  584, 520,  590, 518,  582, 502,  588, 518,  580, 506,  584, 520,  588, 520,  578, 506,  586, 518,  590, 500,  594, 1612,  578, 508,  586, 1612,  592, 510,  586, 1610,  564, 538,  586, 1610,  564, 538,  586, 1604,  586, 1610,  564};  // HAIER_AC_YRW02

uint8_t state[14] = {0xA6, 0x83, 0x00, 0x00, 0x40, 0x20, 0x00, 0x20, 0x00, 0x00, 0x00, 0x00, 0x02, 0xAB};

********************************************************************************* 

Protocol  : HAIER_AC_YRW02

Code      : 0xA683000040280020800000000B3C (112 Bits)

Mesg Desc.: Model: 1 (V9014557-A), Power: On, Button: 11 (Sleep), Mode: 1 (Cool), Temp: 24C, Fan: 1 (High), Turbo: Off, Quiet: Off, Swing(V): 3 (Lowest), Swing(H): 0 (Middle), Sleep: On, Health: Off, Timer Mode: 0 (N/A), On Timer: Off, Off Timer: Off, Lock: Off

uint16_t rawData[229] = {3092, 3004,  3084, 4390,  608, 1606,  604, 480,  606, 1606,  602, 482,  606, 500,  610, 1584,  606, 1586,  604, 498,  610, 1584,  604, 500,  608, 498,  584, 498,  606, 500,  608, 498,  584, 1606,  586, 1586,  612, 494,  604, 500,  604, 484,  610, 492,  606, 500,  606, 482,  610, 492,  604, 484,  610, 494,  604, 502,  602, 484,  610, 494,  604, 504,  600, 486,  606, 496,  602, 486,  610, 494,  606, 1592,  606, 496,  604, 504,  576, 512,  606, 498,  602, 486,  606, 494,  602, 506,  574, 514,  604, 1606,  572, 514,  604, 1608,  570, 516,  572, 532,  570, 516,  604, 502,  574, 532,  568, 518,  568, 536,  572, 536,  566, 520,  568, 536,  564, 522,  564, 538,  572, 534,  566, 1626,  570, 538,  562, 522,  568, 538,  568, 516,  566, 538,  570, 1624,  566, 540,  570, 538,  564, 524,  564, 540,  568, 542,  546, 536,  568, 538,  564, 522,  564, 542,  568, 540,  580, 506,  562, 542,  564, 542,  584, 500,  564, 544,  582, 502,  560, 542,  568, 542,  584, 500,  562, 544,  564, 544,  582, 498,  566, 544,  584, 500,  586, 518,  588, 518,  582, 504,  584, 518,  590, 520,  580, 500,  592, 518,  582, 504,  584, 520,  588, 518,  582, 504,  586, 1626,  580, 508,  586, 1604,  584, 1602,  590, 518,  588, 500,  564, 1646,  586, 1608,  586, 1608,  560, 1654,  582, 500,  586, 522,  586};  // HAIER_AC_YRW02

uint8_t state[14] = {0xA6, 0x83, 0x00, 0x00, 0x40, 0x28, 0x00, 0x20, 0x80, 0x00, 0x00, 0x00, 0x0B, 0x3C};

********************************************************************************* 

Protocol  : HAIER_AC_YRW02

Code      : 0xA6830020402100200000000010DA (112 Bits)

Mesg Desc.: Model: 1 (V9014557-A), Power: On, Button: 16 (Timer), Mode: 1 (Cool), Temp: 24C, Fan: 1 (High), Turbo: Off, Quiet: Off, Swing(V): 3 (Lowest), Swing(H): 0 (Middle), Sleep: Off, Health: Off, Timer Mode: 1 (Off), On Timer: Off, Off Timer: 01:00, Lock: Off

uint16_t rawData[229] = {3104, 2996,  3102, 4394,  594, 1600,  596, 510,  592, 1600,  596, 512,  590, 500,  590, 1618,  592, 1600,  590, 498,  592, 1618,  590, 500,  592, 508,  596, 514,  588, 498,  592, 512,  592, 1594,  598, 1594,  596, 492,  604, 502,  592, 512,  596, 494,  602, 500,  592, 512,  596, 488,  592, 512,  596, 492,  604, 498,  594, 1602,  604, 498,  592, 514,  594, 494,  604, 498,  594, 494,  602, 498,  594, 1602,  602, 500,  618, 490,  616, 472,  592, 508,  618, 472,  614, 486,  614, 492,  614, 476,  614, 1594,  612, 478,  612, 490,  616, 490,  612, 472,  614, 1574,  616, 492,  604, 486,  610, 490,  614, 494,  588, 498,  612, 490,  616, 472,  612, 492,  614, 494,  590, 496,  612, 1602,  588, 498,  610, 492,  616, 492,  588, 496,  612, 496,  586, 498,  610, 494,  616, 492,  586, 500,  610, 494,  612, 494,  590, 492,  614, 494,  590, 498,  608, 494,  612, 496,  598, 490,  608, 494,  614, 474,  616, 484,  614, 494,  596, 490,  608, 498,  612, 476,  616, 490,  608, 498,  612, 476,  614, 486,  612, 478,  612, 492,  606, 498,  610, 480,  612, 490,  608, 498,  608, 482,  612, 486,  610, 480,  612, 492,  608, 496,  586, 506,  610, 1596,  586, 506,  608, 492,  610, 478,  610, 492,  608, 1588,  612, 1596,  584, 508,  608, 1598,  584, 1608,  586, 522,  582, 1606,  584, 526,  586};  // HAIER_AC_YRW02

uint8_t state[14] = {0xA6, 0x83, 0x00, 0x20, 0x40, 0x21, 0x00, 0x20, 0x00, 0x00, 0x00, 0x00, 0x10, 0xDA};

********************************************************************************* 

Protocol  : HAIER_AC_YRW02

Code      : 0xA681002040207B2000000000084A (112 Bits)

Mesg Desc.: Model: 1 (V9014557-A), Power: On, Button: 8 (Turbo), Mode: 1 (Cool), Temp: 24C, Fan: 1 (High), Turbo: On, Quiet: Off, Swing(V): 1 (Highest), Swing(H): 0 (Middle), Sleep: Off, Health: Off, Timer Mode: 1 (Off), On Timer: Off, Off Timer: 00:59, Lock: Off

uint16_t rawData[229] = {3034, 3062,  3034, 4464,  524, 1666,  528, 580,  500, 1692,  526, 582,  498, 590,  520, 1690,  498, 1692,  498, 588,  524, 1688,  498, 590,  522, 580,  528, 580,  498, 588,  522, 582,  532, 552,  524, 1664,  526, 582,  502, 608,  472, 612,  524, 582,  526, 582,  472, 612,  524, 584,  472, 610,  524, 584,  500, 608,  470, 1720,  526, 582,  474, 608,  526, 582,  524, 558,  524, 580,  524, 584,  472, 1718,  524, 584,  472, 610,  524, 584,  498, 592,  490, 608,  500, 610,  496, 586,  524, 582,  502, 1690,  524, 582,  524, 566,  520, 580,  528, 580,  474, 608,  500, 608,  498, 1692,  524, 1672,  520, 1692,  498, 1692,  526, 586,  496, 1692,  498, 1690,  498, 588,  522, 584,  524, 1670,  520, 584,  524, 584,  472, 612,  526, 582,  472, 612,  522, 584,  524, 584,  472, 612,  524, 580,  528, 582,  472, 612,  524, 582,  470, 612,  522, 582,  526, 584,  470, 612,  524, 582,  524, 584,  472, 610,  524, 586,  470, 612,  524, 584,  522, 584,  472, 612,  522, 586,  524, 586,  470, 612,  522, 584,  470, 614,  520, 584,  522, 586,  496, 588,  520, 586,  522, 586,  472, 612,  522, 584,  470, 610,  524, 584,  522, 588,  468, 612,  524, 584,  522, 1668,  524, 586,  498, 586,  522, 582,  500, 610,  470, 1720,  498, 612,  494, 586,  496, 1722,  494, 586,  520, 1672,  520, 588,  522};  // HAIER_AC_YRW02

uint8_t state[14] = {0xA6, 0x81, 0x00, 0x20, 0x40, 0x20, 0x7B, 0x20, 0x00, 0x00, 0x00, 0x00, 0x08, 0x4A};

********************************************************************************* 

Protocol  : HAIER_AC_YRW02

Code      : 0xA661002040203A200000000001E2 (112 Bits)

Mesg Desc.: Model: 1 (V9014557-A), Power: On, Button: 1 (Temp Down), Mode: 1 (Cool), Temp: 22C, Fan: 1 (High), Turbo: Off, Quiet: Off, Swing(V): 1 (Highest), Swing(H): 0 (Middle), Sleep: Off, Health: Off, Timer Mode: 1 (Off), On Timer: Off, Off Timer: 00:58, Lock: Off

uint16_t rawData[229] = {3072, 3024,  3098, 4396,  606, 1590,  600, 504,  604, 1590,  600, 504,  604, 504,  598, 1592,  604, 1586,  606, 504,  566, 520,  600, 1614,  564, 1626,  604, 506,  548, 538,  598, 506,  602, 484,  572, 1616,  576, 532,  576, 512,  602, 500,  574, 532,  574, 514,  606, 498,  574, 514,  602, 500,  574, 534,  572, 518,  602, 1608,  570, 518,  602, 498,  572, 534,  570, 514,  570, 536,  570, 518,  606, 1604,  570, 520,  600, 500,  572, 538,  566, 522,  600, 502,  564, 522,  600, 502,  568, 538,  564, 1626,  568, 540,  564, 522,  598, 506,  568, 518,  600, 506,  564, 542,  562, 524,  594, 1616,  564, 1626,  568, 1628,  562, 542,  566, 1626,  566, 540,  562, 524,  562, 544,  564, 1630,  560, 544,  566, 542,  584, 500,  562, 544,  586, 500,  584, 520,  564, 544,  586, 502,  586, 516,  590, 520,  584, 504,  582, 520,  586, 500,  586, 518,  590, 518,  584, 504,  586, 516,  590, 518,  584, 502,  584, 520,  584, 502,  586, 520,  586, 522,  582, 502,  584, 522,  588, 518,  580, 506,  584, 520,  582, 506,  582, 520,  588, 518,  580, 506,  586, 520,  588, 520,  578, 508,  584, 520,  580, 506,  582, 522,  586, 520,  580, 508,  582, 522,  586, 520,  576, 510,  584, 522,  574, 1596,  586, 1624,  584, 1608,  584, 1612,  580, 522,  586, 520,  582, 506,  582, 1610,  582, 528,  562};  // HAIER_AC_YRW02

uint8_t state[14] = {0xA6, 0x61, 0x00, 0x20, 0x40, 0x20, 0x3A, 0x20, 0x00, 0x00, 0x00, 0x00, 0x01, 0xE2};

********************************************************************************* 

Protocol  : HAIER_AC_YRW02

Code      : 0xA621002040203A200000000001A2 (112 Bits)

Mesg Desc.: Model: 1 (V9014557-A), Power: On, Button: 1 (Temp Down), Mode: 1 (Cool), Temp: 18C, Fan: 1 (High), Turbo: Off, Quiet: Off, Swing(V): 1 (Highest), Swing(H): 0 (Middle), Sleep: Off, Health: Off, Timer Mode: 1 (Off), On Timer: Off, Off Timer: 00:58, Lock: Off

uint16_t rawData[229] = {3070, 3024,  3072, 4422,  606, 1590,  602, 498,  606, 1590,  604, 498,  606, 504,  604, 1586,  604, 1586,  606, 502,  604, 484,  604, 500,  604, 1590,  608, 496,  602, 504,  600, 486,  608, 494,  602, 1588,  600, 486,  600, 506,  602, 506,  564, 520,  600, 504,  604, 504,  546, 534,  604, 506,  564, 522,  598, 506,  602, 1592,  574, 530,  602, 508,  546, 536,  576, 530,  548, 538,  572, 532,  578, 1616,  574, 532,  576, 532,  548, 538,  570, 536,  572, 510,  572, 534,  576, 534,  546, 538,  572, 1642,  582, 504,  568, 536,  572, 538,  582, 498,  572, 538,  582, 502,  570, 534,  572, 1622,  568, 1630,  600, 1606,  570, 520,  600, 1588,  602, 500,  568, 538,  570, 520,  602, 1608,  568, 522,  600, 502,  566, 542,  564, 520,  564, 540,  566, 522,  600, 504,  564, 540,  564, 524,  600, 502,  566, 542,  562, 520,  562, 542,  564, 526,  598, 504,  564, 540,  590, 502,  596, 504,  586, 520,  586, 496,  588, 518,  588, 502,  596, 506,  588, 520,  586, 500,  568, 534,  588, 520,  586, 498,  586, 520,  584, 502,  566, 536,  588, 518,  586, 502,  564, 538,  588, 520,  586, 498,  584, 522,  584, 504,  560, 542,  586, 520,  586, 502,  562, 540,  588, 520,  584, 498,  586, 1602,  590, 1606,  582, 520,  588, 1606,  584, 520,  588, 520,  574, 510,  584, 1606,  582, 526,  582};  // HAIER_AC_YRW02

uint8_t state[14] = {0xA6, 0x21, 0x00, 0x20, 0x40, 0x20, 0x3A, 0x20, 0x00, 0x00, 0x00, 0x00, 0x01, 0xA2};

********************************************************************************* 

Protocol  : HAIER_AC_YRW02

Code      : 0xA6A1002040203920000000000020 (112 Bits)

Mesg Desc.: Model: 1 (V9014557-A), Power: On, Button: 0 (Temp Up), Mode: 1 (Cool), Temp: 26C, Fan: 1 (High), Turbo: Off, Quiet: Off, Swing(V): 1 (Highest), Swing(H): 0 (Middle), Sleep: Off, Health: Off, Timer Mode: 1 (Off), On Timer: Off, Off Timer: 00:57, Lock: Off

uint16_t rawData[229] = {3030, 3064,  3038, 4454,  504, 1692,  500, 604,  528, 1666,  502, 600,  530, 580,  530, 1660,  504, 1686,  504, 604,  530, 1660,  530, 578,  528, 1662,  530, 580,  530, 556,  526, 576,  532, 554,  526, 1664,  526, 578,  532, 578,  494, 590,  528, 578,  530, 578,  452, 632,  526, 580,  494, 590,  526, 580,  530, 582,  446, 1742,  530, 560,  466, 636,  526, 580,  528, 554,  528, 576,  528, 562,  466, 1740,  532, 556,  470, 634,  528, 578,  528, 560,  470, 632,  528, 560,  468, 634,  528, 578,  530, 1664,  526, 578,  528, 562,  468, 634,  526, 560,  470, 632,  528, 580,  528, 560,  468, 1742,  530, 1662,  530, 1666,  496, 606,  530, 556,  470, 1720,  524, 578,  530, 578,  498, 1692,  532, 578,  498, 588,  524, 580,  528, 556,  526, 578,  528, 580,  498, 588,  526, 580,  528, 580,  494, 590,  526, 578,  528, 556,  526, 578,  532, 578,  494, 592,  524, 578,  530, 580,  494, 590,  526, 578,  530, 554,  526, 578,  532, 576,  496, 590,  526, 578,  528, 578,  468, 616,  526, 578,  530, 558,  526, 578,  528, 582,  468, 614,  526, 580,  528, 580,  468, 614,  528, 578,  528, 556,  526, 578,  530, 578,  468, 614,  526, 580,  530, 580,  468, 614,  528, 578,  528, 558,  526, 578,  530, 580,  470, 612,  526, 1670,  490, 612,  526, 582,  526, 564,  488, 610,  528, 580,  528};  // HAIER_AC_YRW02

uint8_t state[14] = {0xA6, 0xA1, 0x00, 0x20, 0x40, 0x20, 0x39, 0x20, 0x00, 0x00, 0x00, 0x00, 0x00, 0x20};

*********************************************************************************



